            R-0.08 R-0.06 R-0.04 R-0.02   Re   R+0.02 R+0.04 R+0.06 R+0.08    EXP
  1 H2       4.622  4.650  4.671  4.684  4.689  4.688  4.680  4.667  4.648   4.485
  2 C2H6    28.739 28.846 28.910 28.941 28.944 28.925 28.889 28.837 28.776  28.875
  3 C2H4    22.241 22.429 22.553 22.622 22.648 22.637 22.596 22.532 22.449  23.074
  4 C2H2    15.853 16.106 16.274 16.371 16.409 16.397 16.345 16.259 16.145  16.847
  5 C2       5.212  5.835  6.306  6.649  6.884  7.031  7.104  7.116  7.079   6.219
  6 CH       3.923  3.989  4.032  4.056  4.064  4.057  4.038  4.008  3.970   3.469
  7 HCN     11.592 11.952 12.176 12.290 12.314 12.267 12.162 12.013 11.828  13.147
  8 FCN     12.305 12.667 12.897 13.019 13.055 13.020 12.930 12.796 12.627  12.965
  9 MeCN    24.717 25.058 25.266 25.365 25.376 25.315 25.198 25.038 24.843  25.488
 10 CN       8.315  8.540  8.651  8.670  8.614  8.498  8.336  8.138  7.912   7.721
 11 CF       4.435  4.999  5.352  5.549  5.628  5.621  5.552  5.438  5.294   5.565
 12 NH       3.391  3.482  3.543  3.580  3.595  3.594  3.578  3.550  3.512   3.405
 13 NO       5.381  5.759  5.974  6.067  6.067  5.998  5.879  5.725  5.547   6.499
 14 NF       2.365  2.853  3.151  3.311  3.373  3.365  3.310  3.222  3.113   3.266
 15 OH       4.090  4.237  4.329  4.376  4.385  4.365  4.320  4.256  4.178   4.413
 16 OF       1.529  1.890  2.101  2.206  2.239  2.222  2.174  2.104  2.022   2.236
 17 O2       3.897  4.573  4.994  5.225  5.320  5.317  5.245  5.125  4.973   5.120
 18 F2       1.131  1.382  1.518  1.577  1.585  1.561  1.515  1.457  1.392   1.594
 19 HF       5.413  5.676  5.835  5.911  5.921  5.879  5.797  5.684  5.548   5.865
 20 N2       8.104  8.581  8.862  8.987  8.991  8.898  8.733  8.512  8.250   9.751
 21 COH2    15.532 15.745 15.842 15.848 15.785 15.670 15.516 15.334 15.132  15.511
 22 COHF    16.007 16.359 16.569 16.665 16.672 16.610 16.495 16.340 16.155  16.904
 23 COF2    16.861 17.314 17.596 17.745 17.788 17.752 17.653 17.508 17.328  17.797
 24 CO2     14.216 14.806 15.200 15.441 15.562 15.590 15.546 15.448 15.309  16.573
 25 CO       5.798  6.803  7.522  8.013  8.322  8.490  8.546  8.515  8.419  11.116

 ERR=        21.53  10.29   6.15   4.75   4.30   4.35   5.01   6.62   9.53
    0.3126 0.0628 0.0631 0.0273 0.0453 0.0193 0.0212 0.0363 0.0560 0.0383
    0.0000 0.3997 0.3967 0.4549 0.2928 0.3613 0.4593 0.3505 0.4052 0.4122
     0.000 -0.436 -0.311 -0.230  0.304 -0.426 -0.172  0.362 -0.327  0.542

