  #106 DIATOMIC HYDROGEN
CNDO.CLSD
   2   0   1
   1     0.00000           0.00000        0.00000
   1     0.00000           0.00000        0.74140 
 4.4846   0.
 #56   ETHANE
CNDO.CLSD
   8   0   1
   6A    0.00000           0.00000       -0.76800
   6A    0.00000           0.00000        0.76800 
   1    -1.01920           0.00000       -1.15730 
   1     0.50960           0.88260       -1.15730 
   1     0.50960          -0.88260       -1.15730  
   1     1.01920           0.00000        1.15730  
   1    -0.50960          -0.88260        1.15730  
   1    -0.50960           0.88260        1.15730  
28.8749   0.0
 #49   ETHYLENE
CNDO.CLSD
   6   0   1
   6B    0.00000           0.00000       -0.66950
   6B    0.00000           0.00000        0.66950  
   1     0.00000           0.92890       -1.23210  
   1     0.00000          -0.92890       -1.23210  
   1     0.00000           0.92890        1.23210  
   1     0.00000          -0.92890        1.23210  
23.0740   0.0
 #40    ACETYLENE  
CNDO.CLSD
   4   0   1
   6C    0.00000           0.00000       -0.60130
   6C    0.00000           0.00000        0.60130   
   1     0.00000           0.00000       -1.66440  
   1     0.00000           0.00000        1.66440  
16.8471   0.0
 #107  DIATOMIC CARBON   OUT  6.2186 eV
CNDO.CLSD
   2   0   1                                                
   6B    0.00000           0.00000        0.00000                     
   6B    0.00000           0.00000        1.24250               
  0.      0.                6.2186   0.
 #108      CH
CNDO.OPEN
   2   0   2                                                
   6A    0.00000           0.00000        0.00000                     
   1     0.00000           0.00000        1.11990              
 3.4689   1.460
 #9 HYDROGEN CYANIDE     
CNDO.CLSD
   3   0   1
   7C    0.00000           0.00000       -1.15600  
   6C    0.00000           0.00000        0.00000
   1     0.00000           0.00000        1.06400  
13.1471   2.980
 #1 FCN
CNDO.CLSD
   3   0   1
   7C    0.00000           0.00000       -1.15900  
   6C    0.00000           0.00000        0.00000  
   9     0.00000           0.00000        1.26200  
12.9647    2.170
 #47   ACETONITRILE
CNDO.CLSD
   6   0   1
   7C    0.00000           0.00000       -2.61500  
   6A    0.00000           0.00000        0.00000
   6C    0.00000           0.00000       -1.45800   
   1     0.00000          -1.04100        0.36750  
   1     0.90160           0.52050        0.36750  
   1     0.90160          -0.52050        0.36750  
25.4878   3.919
 #109     CN     
CNDO.OPEN
   2   0   2                                                
   6C    0.00000           0.00000        0.00000                     
   7C    0.00000           0.00000        1.17180              
 7.7214   1.45
 #110     CF   
CNDO.OPEN
   2   0   2                                                
   6A    0.00000           0.00000        0.00000                     
   9     0.00000           0.00000        1.27180               
 5.5646   -0.645
 #111      NH
CNDO.OPEN
   2   0   3                                                
   7A    0.00000           0.00000        0.00000                     
   1     0.00000           0.00000        1.03620              
 3.4047   1.39
 #112    NO
CNDO.OPEN
   2   0   2                                                
   7B    0.00000           0.00000        0.00000                     
   8B    0.00000           0.00000        1.15080              
 6.4994   -0.159
 #113    NF
CNDO.OPEN
   2   0   3                                                
   7A    0.00000           0.00000        0.00000                     
   9     0.00000           0.00000        1.31700               
 3.2658   0.370
 #114    OH
CNDO.OPEN
   2   0   2                                                
   8A    0.00000           0.00000        0.00000                     
   1     0.00000           0.00000        0.96970              
 4.4131   1.668
 #115     OF
CNDO.OPEN
   2   0   2                                                
   8A    0.00000           0.00000        0.00000                     
   9     0.00000           0.00000        1.35410               
 2.2356   -0.004
 #117   DIATOMIC OXYGEN
CNDO.OPEN
   2   0   3
   8B    0.00000           0.00000        0.00000
   8B    0.00000           0.00000        1.20750
 5.120    0.0
 #79 DIATOMIC FLUORIDE
CNDO.CLSD
   2   0   1
   9     0.00000           0.00000        0.00000
   9     0.00000           0.00000        1.41190
 1.5940   0.0
 #73 HYDROGEN FLUORIDE
CNDO.CLSD
   2   0   1
   1     0.00000           0.00000        0.00000
   9     0.00000           0.00000        0.91680  
 5.8651   -1.827  
 #101  DIATOMIC NITROGEN
CNDO.CLSD
   2   0   1                                                
   7C    0.00000           0.00000        0.00000                     
   7C    0.00000           0.00000        1.09760               
 9.7507   0.
  #20  FORMALDEHYDE     
CNDO.CLSD
   4   0   1
   8B    0.00000           0.00000       -1.20500  
   6B    0.00000           0.00000        0.00000  
   1     0.00000           0.94290        0.58760  
   1     0.00000          -0.94290        0.58760   
15.5112   2.332
 #7 FORMYL FLUORIDE
CNDO.CLSD
   4   0   1
   8B    0.00000           0.11640       -1.14720  
   6B    0.00000           0.39680        0.00000
   9     0.00000          -0.52360        0.97110  
   1     0.00000           1.40050        0.43780  
16.9041   2.081
#4 CARBONYL FLUORIDE
CNDO.CLSD
   4   0   1
   8B    0.00000           0.00000       -1.31430  
   6B    0.00000           0.00000       -0.14030  
   9     0.00000           1.06140        0.63090  
   9     0.00000          -1.06140        0.63090  
17.7975   0.950
 #35   CARBON DIOXIDE   
CNDO.CLSD
   3   0   1
   8B    0.00000           0.00000       -1.16210  
   8B    0.00000           0.00000        1.16210  
   6B    0.00000           0.00000        0.00000
16.5735   0.0
 #34   CARBON MONOXIDE  OUT   11.1157   0.112 
CNDO.CLSD
   2   0   1
   6B    0.00000           0.00000        0.00000
   8B    0.00000           0.00000        1.12820  
  0.      0.                  11.1157   0.112  
 #2  CNF     S2P2 
CNDO.CLSD                  
   3   0   1
   6B    0.00000           0.00000       -1.39780  
   7B    0.00000           0.00000       -0.21370  
   9     0.00000           0.00000        1.09810  
 9.9186   0.00
 #3 CF2     S2P2 CARBON 
CNDO.CLSD
   3   0   1
   6A    0.00000           0.00000        0.59320  
   9     0.00000           1.02820       -0.19770  
   9     0.00000          -1.02820       -0.19770  
10.9861   0.469
 #5 CARBON TETRAFLUORIDE
CNDO.CLSD
   5   0   1
   6A    0.00000           0.00000        0.00000
   9     0.75930           0.75930        0.75930  
   9    -0.75930          -0.75930        0.75930  
   9    -0.75930           0.75930       -0.75930  
   9     0.75930          -0.75930       -0.75930  
20.2051   0.
 #6 CHF   S2P2 CARBON
CNDO.OPEN
   3   0   3
   1    -1.03470           0.99400        0.00000  
   6A    0.06900           0.71670        0.00000  
   9     0.06900          -0.58830        0.00000  
 8.8822   0.00
 #8 TRIFLUOROMETHANE
CNDO.CLSD
   5   0   1
   6A    0.00000           0.00000        0.33470  
   1     0.00000           0.00000        1.42570  
   9     0.00000           1.24550       -0.12720  
   9     1.07860          -0.62280       -0.12720  
   9    -1.07860          -0.62280       -0.12720  
19.1656   1.645
 #10 HYDROGEN ISOCYANIDE   CC TRIPLE BONDS
CNDO.CLSD
   3   0   1
   6C    0.00000           0.00000       -0.74050
   7C    0.00000           0.00000        0.43210  
   1     0.00000           0.00000        1.41830  
12.4962   3.050
 #11 CYANIC ACID  
CNDO.CLSD
   4   0   1
   7C    0.10040           1.33160        0.00000  
   6C    0.00000           0.18180        0.00000  
   8A   -0.17340          -1.10850        0.00000  
   1     0.68430          -1.54380        0.00000  
17.1746   0.0
 #13  FULMINIC ACID 
CNDO.CLSD
   4   0   1
   8A    0.00000           0.00000        1.18500
   7B    0.00000           0.00000       -0.02050  
   6B    0.00000           0.00000       -1.18200  
   1     0.00000           0.00000       -2.24440  
15.2759   3.06
  #15   CH2 SINGLET 
CNDO.CLSD
   3   0   1
   6A    0.00000           0.00000        0.17340
   1     0.00000           0.86230       -0.52020  
   1     0.00000          -0.86230       -0.52020  
 7.4146   0.0
  #16    DIFLUOROMETHANE  
CNDO.CLSD
   5   0   1
   6A    0.00000           0.00000        0.50030
   1    -0.90290           0.00000        1.10020  
   1     0.90290           0.00000        1.10020  
   9     0.00000           1.09622       -0.28900  
   9     0.00000          -1.09622       -0.28900  
18.0494   1.970
  #17  CYANAMIDE        
CNDO.CLSD
   5   0   1
   6C    0.00000           0.22070        0.00000
   7C   -0.08460           1.37700        0.00000  
   7A    0.14000          -1.11900        0.00000  
   1    -0.19380          -1.56502        0.83750  
   1    -0.19380          -1.56502       -0.83750  
20.1222   4.320
  #18  3H-DIAZIRINE  
CNDO.CLSD
   5   0   1
   6A    0.00000           0.00000        0.80660
   7B    0.00000           0.61400       -0.54230  
   7B    0.00000          -0.61400       -0.54230  
   1     0.92940           0.00000        1.37610  
   1    -0.92940           0.00000        1.37610  
18.2857   1.590
  #19  DIAZOMETHANE      ***
CNDO.CLSD
   5   0   1
   6B    0.00000           0.00000       -1.14530
   7B    0.00000           0.00000        0.15470  
   7B    0.00000           0.00000        1.29370  
   1     0.00000           0.95780       -1.63340  
   1     0.00000          -0.95780       -1.63340  
18.7583   1.500
  #21  HYDROXYMETHYLENE  S2P2 CARBON
CNDO.CLSD
   4   0   1
   6A    0.01050           0.74610        0.00000
   8A    0.01050          -0.57340        0.00000  
   1    -1.07880           0.97890        0.00000  
   1     0.93240          -0.86770        0.00000  
13.2445   0.0
  #22    DIOXIRANE
CNDO.CLSD
   5   0   1
   6A    0.00000           0.00000        0.72780  
   1     0.93120           0.00000        1.29490  
   1    -0.93120           0.00000        1.29490  
   8A    0.00000           0.75790       -0.43480  
   8A    0.00000          -0.75790       -0.43480  
16.8720   2.479
  #23    FORMIC ACID
CNDO.CLSD
   5   0   1
   6B    0.00000           0.42200        0.00000
   8A   -1.03380          -0.43530        0.00000  
   8B    1.15870           0.10220        0.00000  
   1    -0.35120           1.46120        0.00000  
   1    -0.64820          -1.32760        0.00000  
20.8187   1.410
  #25    FLUOROMETHANE
CNDO.CLSD
   5   0   1
   6A    0.00000           0.00000       -0.62440
   9     0.00000           0.00000        0.74020  
   1     0.00000           1.02450       -0.97180  
   1     0.88730          -0.51230       -0.97180  
   1    -0.88730          -0.51230       -0.97180  
17.2399   1.847
  #26   METHANIME
CNDO.CLSD
   5   0   1
   6B    0.05880           0.58750        0.00000
   7B    0.05880          -0.68550        0.00000  
   1    -0.86210           1.19460        0.00000  
   1     0.99770           1.12310        0.00000  
   1    -0.89950          -1.04380        0.00000  
17.9675   2.000
  #27   FORMAMIDE
CNDO.CLSD
   6   0   1
   6B    0.00000           0.41650        0.00000
   8B    1.19420           0.22170        0.00000  
   7A   -0.93730          -0.55510        0.00000  
   1    -0.42990           1.41820        0.00000  
   1    -0.66080          -1.51710        0.00000  
   1    -1.90200          -0.28810        0.00000  
23.3880   3.730
   #28   METHYL NITRITE
CNDO.CLSD
   7   0   1
   6A    1.32240           0.31520        0.00000
   8A    0.00000           0.90120        0.00000  
   1     1.99230           1.17730        0.00000  
   1     1.47280          -0.29920        0.89460  
   1     1.47280          -0.29920       -0.89460  
   7B   -1.05090          -0.03270        0.00000  
   8B   -0.68950          -1.18130        0.00000  
24.6566   2.050
 #29   NITROMETHANE     ***
CNDO.CLSD
   7   0   1
   6A    1.40080           0.00000        0.00000
   7B   -0.08780           0.00000        0.00000  
   1     1.72150          -1.03920        0.00000  
   1     1.72150           0.51960        0.90000  
   1     1.72150           0.51960       -0.90000  
   8B   -0.64980           1.08740        0.00000  
   8B   -0.64980          -1.08740        0.00000  
26.7740   3.460
  #30   METHANE
CNDO.CLSD
   5   0   1
   6A    0.00000           0.00000        0.00000
   1     0.62760           0.62760        0.62760  
   1     0.62760          -0.62760       -0.62760  
   1    -0.62760           0.62760       -0.62760  
   1    -0.62760          -0.62760        0.62760  
17.0067   0.0
  #31   UREA
CNDO.CLSD
   8   0   1
   6B    0.00000           0.00000        0.14760
   8B    0.00000           0.00000        1.36120  
   7A    0.00000           1.16080       -0.61780  
   7A    0.00000          -1.16080       -0.61780  
   1     0.24830           1.97040       -0.07190  
   1     0.49000           1.10340       -1.49640  
   1    -0.24830          -1.97040       -0.07190  
   1    -0.49000          -1.10340       -1.49640  
30.8959   3.830
  #32   METHANOL
CNDO.CLSD
   6   0   1
   6A   -0.05030           0.66850        0.00000
   8A   -0.05030          -0.75850        0.00000  
   1    -1.08070           1.04170        0.00000  
   1     0.46500           1.04170        0.89240  
   1     0.46500           1.04170       -0.89240  
   1     0.85440          -1.06770        0.00000  
20.8571   1.672
 #33   METHYLAMINE
CNDO.CLSD
   7   0   1
   6A    0.05190           0.70650        0.00000
   7A    0.05190          -0.76150        0.00000  
   1    -0.94280           1.16840        0.00000  
   1     0.59070           1.06250        0.87890  
   1     0.59070           1.06250       -0.87890  
   1    -0.45660          -1.10080       -0.80760  
   1    -0.45660          -1.10080        0.80760  
23.5103   1.310
 #36   DIFLUOROACETYLENE     
CNDO.CLSD
   4   0   1
   6C    0.00000           0.00000        0.59280
   6C    0.00000           0.00000       -0.59280  
   9     0.00000           0.00000        1.87750  
   9     0.00000           0.00000       -1.87750  
16.3217   0.0
 #37   TETRAFLUOROETHYLENE
CNDO.CLSD
   6   0   1
   6B    0.00000           0.00000        0.65550
   6B    0.00000           0.00000       -0.65550  
   9     0.00000           1.09610        1.38930  
   9     0.00000          -1.09610        1.38930  
   9     0.00000          -1.09610       -1.38930  
   9     0.00000           1.09610       -1.38930  
24.8871   0.0
 #38   FLUOROACETYLENE
CNDO.CLSD
   4   0   1
   6C    0.00000           0.00000       -0.09420
   6C    0.00000           0.00000       -1.29220  
   9     0.00000           0.00000        1.18480  
   1     0.00000           0.00000       -2.34520  
16.6937   0.730
 #39   TRIFLUOROETHYLENE
CNDO.CLSD
   6   0   1
   6B    0.00000           0.44360        0.00000
   6B   -0.71390          -0.69160        0.00000  
   9     1.31530           0.48570        0.00000  
   9    -0.55060           1.63880        0.00000  
   9    -0.08730          -1.87840        0.00000  
   1    -1.81330          -0.72690        0.00000  
24.4960   1.400
 #41   1,1-DIFLUOROETHYLENE
CNDO.CLSD
   6   0   1
   6B    0.00000           0.00000        1.39300
   6B    0.00000           0.00000        0.05300  
   1     0.00000           0.95420        1.92200  
   1     0.00000          -0.95420        1.92200  
   9     0.00000           1.08110       -0.69560  
   9     0.00000          -1.08110       -0.69560  
24.3840   1.389
 #43   OXIRENE   
CNDO.CLSD
   5   0   1
   8A    0.00000           0.00000        0.89620
   6B    0.00000           0.63740       -0.46450  
   6B    0.00000          -0.63740       -0.46450  
   1     0.00000           1.65380       -0.79790  
   1     0.00000          -1.65380       -0.79790
18.9542   0.0
 #45   FLUOROETHYLENE
CNDO.CLSD
   6   0   1
   6B    0.00000           0.44760        0.00000
   6B    1.18770          -0.14870        0.00000  
   9    -1.13560          -0.27690        0.00000  
   1    -0.23490           1.50380        0.00000   
   1     1.23210          -1.23480        0.00000  
   1     2.09660           0.42900        0.00000  
23.6565   1.430
 #46   ACETYL FLUORIDE
CNDO.CLSD
   7   0   1
   6B    0.00000           0.19040        0.00000
   6A    0.98840          -0.94190        0.00000  
   8B    0.21580           1.35150        0.00000  
   9    -1.26000          -0.28870        0.00000  
   1     2.00230          -0.55840        0.00000  
   1     0.84010          -1.57290        0.86880  
   1     0.84010          -1.57290       -0.86880  
29.2801   2.960
 #50   ACETALDEHYDE
CNDO.CLSD
   7   0   1
   6B    0.23170           0.40190        0.00000
   6A   -1.16920          -0.14920        0.00000  
   8B    1.23440          -0.27790        0.00000  
   1     0.30790           1.50620        0.00000  
   1    -1.14950          -1.23730       -0.00050  
   1    -1.70380           0.21880        0.87970  
   1    -1.70410           0.21960       -0.87920  
27.8685   2.750
 #51   ETHYLENE OXIDE 
CNDO.CLSD
   7   0   1
   8A    0.00000           0.00000        0.85170
   6A    0.00000           0.72970       -0.37250  
   6A    0.00000          -0.72970       -0.37250  
   1    -0.92300           1.25650       -0.58590  
   1     0.92300           1.25650       -0.58590  
   1     0.92300          -1.25650       -0.58590  
   1    -0.92300          -1.25650       -0.58590  
26.6673   1.890
 #52   ACETIC ACID
CNDO.CLSD
   8   0   1
   6A    0.99150          -0.98290        0.00000
   6B    0.00000           0.14220        0.00000  
   8B    0.29320           1.31580        0.00000  
   1     1.98050          -0.54190        0.00000  
   1     0.85630          -1.61030        0.88160  
   1     0.85630          -1.61030       -0.88160  
   8A   -1.27410          -0.28100        0.00000  
   1    -1.79490           0.52940        0.00000  
33.1501   1.700
 #53   METHYL FORMATE
CNDO.CLSD
   8   0   1
   6A    1.35900           0.41600        0.00000
   8A    0.00000           0.88310        0.00000  
   6B   -0.92280          -0.08020        0.00000  
   8B   -0.70760          -1.26020        0.00000  
   1     2.01510           1.28140        0.00000  
   1     1.51210          -0.18210        0.89350  
   1     1.51210          -0.18210       -0.89350  
   1    -1.99550           0.08910        0.00000  
32.4039   1.770
 #54   FLUOROETHANE
CNDO.CLSD
   8   0   1
   6A    0.00000           0.55770        0.00000
   6A    1.12980          -0.43660        0.00000   
   9    -1.22330          -0.11900        0.00000  
   1    -0.00670           1.19500        0.89040  
   1    -0.00670           1.19500       -0.89040  
   1     2.08450           0.09150        0.00000  
   1     1.07990          -1.06840        0.88680  
   1     1.07990          -1.06840       -0.88680  
29.4138   1.960
 #55   AZIRIDINE 
CNDO.CLSD
   8   0   1
   7A   -0.00370           0.85590       -0.19340
   1    -0.01400           1.40400        0.66200  
   6A   -0.73800          -0.40430        0.02610  
   6A    0.74250          -0.39520        0.03800  
   1    -1.27570          -0.44860        0.96520  
   1    -1.23320          -0.86410       -0.82160  
   1     1.28200          -0.75840       -0.82800  
   1     1.24040          -0.52700        0.99180  
29.3174   1.890
 #57   DIMETHYL ETHER
CNDO.CLSD
   9   0   1
   8A    0.00000           0.00000        0.59520
   6A    0.00000           1.16690       -0.19630  
   6A    0.00000          -1.16690       -0.19630  
   1     0.00000           2.04890        0.45420  
   1     0.00000          -2.04890        0.45420  
   1     0.89500           1.17870       -0.82870  
   1    -0.89500           1.17870       -0.82870  
   1    -0.89500          -1.17870       -0.82870  
   1     0.89500          -1.17870       -0.82870  
32.4671   1.302
 #58   ETHANOL
CNDO.CLSD
   9   0   1   
   6A    1.18790          -0.38290        0.00000
   6A    0.00000           0.55260        0.00000  
   8A   -1.18670          -0.24720        0.00000  
   1    -1.92370           0.38500        0.00000  
   1     2.09850           0.23060        0.00000  
   1     1.11840          -1.00930        0.88690  
   1     1.11840          -1.00930       -0.88690  
   1    -0.02270           1.18120        0.88520  
   1    -0.02270           1.18120       -0.88520  
32.9895   1.520
 #59   CYANOGEN
CNDO.CLSD
   4   0   1   
   6C    0.00000           0.00000        0.69500
   6C    0.00000           0.00000       -0.69500  
   7C    0.00000           0.00000        1.84500  
   7C    0.00000           0.00000       -1.84500  
21.3141   0.0
 #60   ACRYLONITRILE
CNDO.CLSD
   7   0   1   
   6C   -0.58720          -0.52910        0.00000
   7C   -1.08200          -1.59530        0.00000  
   6B    0.00000           0.78960        0.00000     
   1    -0.69590           1.62790        0.00000  
   6B    1.33450           0.97610        0.00000  
   1     2.03120           0.13990        0.00000  
   1     1.75460           1.97970        0.00000  
31.6908   3.882
 #61    ALLENE  
CNDO.CLSD
   7   0   1
   6C    0.00000           0.00000        0.00000
   6B    0.00000           0.00000        1.30800  
   6B    0.00000           0.00000       -1.30800  
   1     0.00000           0.93270        1.86620  
   1     0.00000          -0.93270        1.86620  
   1     0.93270           0.00000       -1.86620  
   1    -0.93270           0.00000       -1.86620  
29.0086   0.0
 #62    CYCLOPROPENE 
CNDO.CLSD
   7   0   1
   6A    0.00000           0.00000        0.86280  
   6B    0.00000           0.64760       -0.50010  
   6B    0.00000          -0.64760       -0.50010  
   1     0.00000           1.57450       -1.03860  
   1     0.00000          -1.57450       -1.03860  
   1     0.91540           0.00000        1.45090  
   1    -0.91540           0.00000        1.45090  
28.0281   0.454
 #63    PROPYNE       
CNDO.CLSD
   7   0   1
   6A    0.00000           0.00000       -1.24550
   6C    0.00000           0.00000        0.21350  
   6C    0.00000           0.00000        1.41950  
   1     0.00000           0.00000        2.47950  
   1     0.00000           1.04650       -1.60030  
   1     0.90630          -0.52320       -1.60030  
   1    -0.90630          -0.52320       -1.60030  
29.0625   0.78
 #64    CYCLOPROPANE 
CNDO.CLSD
   9   0   1
   6A    0.00000           0.86660        0.00000  
   6A    0.75050          -0.43330        0.00000   
   6A   -0.75050          -0.43330        0.00000  
   1     0.00000           1.45250        0.91080  
   1     1.25790          -0.72620        0.91080  
   1    -1.25790          -0.72620        0.91080  
   1     0.00000           1.45250       -0.91080  
   1     1.25790          -0.72620       -0.91080  
   1    -1.25790          -0.72620       -0.91080  
34.7835   0.0
 #65    PROPENE     
CNDO.CLSD
   9   0   1
   6A   -1.14090          -0.49640        0.00000
   6B    0.00000           0.48100        0.00000  
   6B    1.29300           0.13590        0.00000  
   1     1.59540          -0.90580        0.00000  
   1     2.07700           0.88260        0.00000  
   1    -0.26100           1.53600        0.00000  
   1    -0.77440          -1.52450        0.00000  
   1    -1.77480          -0.35570        0.87950  
   1    -1.77480          -0.35570       -0.87950  
35.1877   0.363
 #66    PROPANE    
CNDO.CLSD
  11   0   1
   6A    0.00000           0.58630        0.00000
   6A   -1.26810          -0.26260        0.00000   
   6A    1.26810          -0.26260        0.00000  
   1     0.00000           1.24490        0.87600  
   1    -0.00030           1.24530       -0.87580  
   1    -2.15760           0.37420        0.00000  
   1     2.15760           0.37430        0.00000  
   1    -1.32710          -0.90140        0.88000  
   1    -1.32710          -0.90140       -0.88000   
   1     1.32710          -0.90140       -0.88000  
   1     1.32710          -0.90140        0.88000  
40.8964   0.0844
 #68    BUTATRIENE
CNDO.CLSD
   8   0   1
   6B    0.00000           0.00000        0.64150
   6C    0.00000           0.00000       -0.64150  
   6C    0.00000           0.00000        1.95950  
   6B    0.00000           0.00000       -1.95950  
   1     0.00000           0.92340        2.52540  
   1     0.00000          -0.92340        2.52540  
   1     0.00000           0.92340       -2.52540  
   1     0.00000          -0.92340       -2.52540  
35.0323   0.
 #69    CYCLOBUTADIENE 
CNDO.CLSD
   8   0   1
   6B    0.00000           0.67420        0.78620  
   6B    0.00000           0.67420       -0.78620  
   6B    0.00000          -0.67420        0.78620  
   6B    0.00000          -0.67420       -0.78620  
   1     0.00000           1.43880        1.54980  
   1     0.00000           1.43880       -1.54980  
   1     0.00000          -1.43880        1.54980  
   1     0.00000          -1.43880       -1.54980  
33.9150   0.
#71    1-BUTEN-3-YNE 
CNDO.CLSD
   8   0   1
   6B   -0.64710           0.50250        0.00000
   6C    0.73700           0.11410        0.00000  
   6B   -1.66590          -0.38220        0.00000  
   6C    1.92410          -0.17120        0.00000  
   1    -0.85370           1.57460        0.00000  
   1    -1.49090          -1.45690        0.00000  
   1    -2.70030          -0.04340        0.00001  
   1     2.95630          -0.45420        0.00003  
35.3588   0.224
#72    DICYANOACETYLENE 
CNDO.CLSD
   6   0   1
   6C    0.00000           0.00000        2.51000
   6C    0.00000           0.00000        3.70000  
   6C    0.00000           0.00000        1.14000  
   6C    0.00000           0.00000        5.07000  
   7C    0.00000           0.00000        0.00000  
   7C    0.00000           0.00000        6.21000  
33.7471   0.
 #74   HYPOFLUOROUS ACID
CNDO.CLSD
   3   0   1
   8A    0.05290           0.71430        0.00000
   1    -0.89950           0.83460        0.00000  
   9     0.05290          -0.72770        0.00000  
 6.4704   2.230
 #76   MONOFLUOROAMIDE
CNDO.CLSD
   4   0   1
   7A    0.06460           0.69460        0.00000
   9     0.06460          -0.73830        0.00000  
   1    -0.51650           0.89110        0.81810  
   1    -0.51650           0.89110       -0.81810  
10.3539   2.270
 #78   NITROSYL FLUORIDE
CNDO.CLSD
   3   0   1
   9    -0.95450          -0.60930        0.00000
   7B    0.00000           0.56330        0.00000  
   8B    1.07380           0.19260        0.00000  
 9.1071   1.810
 #80   CIS-DIFLUORODIAZINE
CNDO.CLSD
   4   0   1
   9     0.00000           1.18090        1.25940
   7B    0.00000           0.60700        0.00000  
   7B    0.00000          -0.60700        0.00000  
   9     0.00000          -1.18090        1.25940  
10.5684   0.160
 #81   TRANS-DIFLUORODIAZINE
CNDO.CLSD
   4   0   1
   9     0.59630           1.53840        0.00000
   7B    0.59630           0.15760        0.00000  
   7B   -0.59630          -0.15760        0.00000  
   9    -0.59630          -1.53840        0.00000  
10.5042   0.0
 #82   DIFLUOROMONOXIDE
CNDO.CLSD
   3   0   1
   8A    0.00000            0.00000       0.60490
   9     0.00000            1.10030      -0.26880  
   9     0.00000           -1.10030      -0.26880  
 3.8711   0.297
 #83   PERFLUOROPEROXIDE  
CNDO.CLSD
   4   0   1
   9     0.56440           1.37300       -0.49290
   8A    0.56440           0.26890        0.55460  
   8A   -0.56440          -0.26890        0.55460  
   9    -0.56440          -1.37300       -0.49290  
 6.3460   1.440
 #84   NITROGEN TRIFLUORIDE
CNDO.CLSD
   4   0   1
   7A    0.00000           0.00000        0.47310
   9     0.00000           1.22790       -0.12260  
   9     1.06340          -0.61400       -0.12260  
   9    -1.06340          -0.61400       -0.12260  
 8.5909   0.235
 #85   NITROSYL HYDRIDE
CNDO.CLSD
   3   0   1
   1     0.00000          -0.97180        0.92110
   7B    0.00000           0.06480        0.58340  
   8B    0.00000           0.06480       -0.62560  
 8.5433   1.670
 #87   TRANS-NITROUS ACID
CNDO.CLSD
   4   0   1
   1     1.75450          -0.18230        0.00000
   8A    0.89420          -0.60610        0.00000  
   7B    0.00000           0.52520        0.00000  
   8B   -1.11350           0.16930        0.00000  
12.9864   0.0
 #89   NITRIC ACID    NITROGEN AND OXYGEN SINGLE BONDS
CNDO.CLSD
   5   0   1
   7A    0.00000           0.15510        0.00000
   8A   -0.26740          -1.22530        0.00000  
   8A    1.17440           0.45040        0.00000  
   8A   -0.98440           0.83960        0.00000  
   1     0.61920          -1.60370        0.00000  
16.0854   2.170
 #90   HYDROGEN AZIDE     ***
CNDO.CLSD
   4   0   1
   7B   -1.16360          -0.06050        0.00000
   7B    0.07300          -0.01840        0.00000  
   7B    1.20520           0.02030        0.00000  
   1    -1.59220           0.81510        0.00000  
13.7928   1.700
 #91   CIS-DIAZENE 
CNDO.CLSD
   4   0   1
   7B    0.00000           0.62560       -0.12040
   7B    0.00000          -0.62560       -0.12040  
   1     0.00000           1.00760        0.84280  
   1     0.00000          -1.00760        0.84280  
11.8713   0.0
 #92   TRANS-DIAZENE 
CNDO.CLSD
   4   0   1
   7B    0.00000           0.62600        0.00000
   7B    0.00000          -0.62600        0.00000  
   1     0.98670           0.91450        0.00000  
   1    -0.98670          -0.91450        0.00000  
12.0858   0.0
 #93   ISO-DIAZENE   ATOM#2 MOVED TO ATOM#1
CNDO.CLSD
   4   0   1
   7B    0.00000           0.00000       -0.75880
   7B    0.00000           0.00000        0.46260  
   1     0.00000           0.86290        1.03670  
   1     0.00000          -0.86290        1.03670  
11.0494   0.0
 #95   WATER
CNDO.CLSD
   3   0   1
   8A    0.00000           0.00000        0.11730
   1     0.00000           0.75720       -0.46920  
   1     0.00000          -0.75720       -0.46920  
 9.5103   1.857
 #96   HYDROGEN PEROXIDE
CNDO.CLSD
   4   0   1
   8A    0.00000          -0.05280       -0.73750       
   8A    0.00000          -0.05280        0.73750      
   1     0.81900           0.42200       -0.81700        
   1    -0.81900           0.42200        0.81700      
10.9343   1.770
 #97  AMMONIA
CNDO.CLSD
   4   0   1
   7A    0.00000           0.00000        0.00000
   1     0.00000          -0.93770       -0.38160  
   1     0.81210           0.46890       -0.38160  
   1    -0.81210           0.46890       -0.38160  
11.9904   1.476
 #98  AMMONIA OXIDE 
CNDO.CLSD
   5   0   1
   7A    0.00000           0.00000       -0.54250
   8A    0.00000           0.00000        0.82710  
   1     0.00000           0.94770       -0.93970  
   1     0.82070          -0.47390       -0.93970  
   1    -0.82070          -0.47390       -0.93970  
13.3751   0.0
 #99  HYDROXYL AMINE 
CNDO.CLSD
   5   0   1
   7A   -0.00940           0.70400        0.00000
   8A   -0.00940          -0.74900        0.00000  
   1    -0.95250          -0.93860        0.00000  
   1     0.54690           1.00120        0.79650  
   1     0.54690           1.00120       -0.79650  
14.4965   0.590
#100    HYDRAZINE
CNDO.CLSD
   6   0   1
   7A    0.00000           0.72300       -0.11230
   7A    0.00000          -0.72300       -0.11230  
   1    -0.44700           1.00310        0.75620  
   1     0.44700          -1.00310        0.75620  
   1     0.96630           1.00310        0.03010  
   1    -0.96630          -1.00310        0.03010  
17.5571   1.750                 
 #116   BENZENE
CNDO.CLSD
  12   0   1   
   6B    0.00000           1.39700        0.00000  
   6B    1.20980           0.69850        0.00000  
   6B    1.20980          -0.69850        0.00000  
   6B    0.00000          -1.39700        0.00000  
   6B   -1.20980          -0.69850        0.00000  
   6B   -1.20980           0.69850        0.00000  
   1     0.00000           2.48100        0.00000  
   1     2.14860           1.24050        0.00000  
   1     2.14860          -1.24050        0.00000  
   1     0.00000          -2.48100        0.00000  
   1    -2.14860          -1.24050        0.00000  
   1    -2.14860           1.24050        0.00000  
56.6200   0.0
 FURAN
CNDO.CLSD
   9   0   1
   8A    0.00000           0.00000        1.16260
   6B    0.00000           1.09200        0.34870
   6B    0.00000          -1.09200        0.34870
   6B    0.00000           0.71690       -0.95960
   6B    0.00000          -0.71690       -0.95960
   1     0.00000           2.04730        0.84390
   1     0.00000          -2.04730        0.84390
   1     0.00000           1.35090       -1.82900
   1     0.00000          -1.35090       -1.82900
41.223    0.66
 PYRROLE
CNDO.CLSD
  10   0   1
   7A    0.00000           0.00000        1.12180
   1     0.00000           0.00000        2.11780
   6B    0.00000           1.12090        0.33410
   6B    0.00000          -1.12090        0.33410
   6B    0.00000           0.70760       -0.98470
   6B    0.00000          -0.70760       -0.98470
   1     0.00000           2.10840        0.76140
   1     0.00000          -2.10840        0.76140
   1     0.00000           1.35660       -1.84290
   1     0.00000          -1.35660       -1.84290
44.266    1.84
 CYCLOPENTADIENE       
CNDO.CLSD
  11   0   1
   1     0.88890           0.00000        1.88890
   1    -0.88890           0.00000        1.88890
   1     0.00000           2.22850        0.61280
   1     0.00000          -2.22850        0.61280
   1     0.00000           1.36490       -1.89830
   1     0.00000          -1.36490       -1.89830
   6B    0.00000           1.18540        0.28440
   6B    0.00000          -1.18540        0.28440
   6A    0.00000           0.00000        1.22740
   6B    0.00000           0.74230       -0.99860
   6B    0.00000          -0.74230       -0.99860
48.720    0.419
 PENTANE
CNDO.CLSD
  17   0   1
   6A    0.00000           0.00000        0.31410
   6A    0.00000           1.28110       -0.52220
   6A    0.00000          -1.28110       -0.52220
   6A    0.00000           2.55500        0.32390
   6A    0.00000          -2.55500        0.32390
   1     0.87500           0.00000        0.97260
   1    -0.87500           0.00000        0.97260
   1     0.87500           1.28090       -1.17960
   1    -0.87440           1.28090       -1.17960
   1    -0.87440          -1.28090       -1.17960
   1     0.87440          -1.28090       -1.17960
   1     0.00000           3.44960       -0.30070
   1     0.00000          -3.44960       -0.30070
   1    -0.88090           2.59950        0.96750
   1     0.88090           2.59950        0.96750
   1     0.88090          -2.59950        0.96750
   1    -0.88090          -2.59950        0.96750
64.915    0.                   
 CYCLOHEXANE
CNDO.CLSD
  18   0   1
   6A    0.00000          -1.45880        0.23130
   6A    1.26330           0.72940        0.23130
   6A   -1.26330           0.72940        0.23130
   6A    0.00000           1.45880       -0.23130
   6A    1.26330          -0.72940       -0.23130
   6A   -1.26330          -0.72940       -0.23130
   1     0.00000          -1.50660        1.33160
   1     1.30480           0.75330        1.33160
   1    -1.30480           0.75330        1.33160
   1     0.00000           1.50660       -1.33160
   1     1.30480          -0.75330       -1.33160
   1    -1.30480          -0.75330       -1.33160
   1     0.00000          -2.49150       -0.12750
   1     2.15770           1.24580       -0.12750
   1    -2.15770           1.24580       -0.12750
   1     0.00000           2.49150        0.12750
   1     2.15770          -1.24580        0.12750
   1    -2.15770          -1.24580        0.12750
71.962    0.
  HEXANE
CNDO.CLSD
  20   0   1
   6A    1.40690           2.89200        0.00000
   6A   -1.40690          -2.89200        0.00000
   6A    0.00550           0.76280        0.00000
   6A   -0.00550          -0.76280        0.00000
   6A   -1.40690          -1.36750        0.00000
   6A    1.40690           1.36750        0.00000
   1    -2.41510          -3.28890        0.00000
   1     2.41510           3.28890        0.00000
   1     0.89940           3.28270        0.87500
   1     0.89940           3.28270       -0.87500
   1    -0.89940          -3.28270       -0.87500
   1    -0.89940          -3.28270        0.87500
   1     1.95170           1.00790       -0.86810
   1     1.95170           1.00790        0.86810
   1    -1.95170          -1.00790       -0.86810
   1    -1.95170          -1.00790        0.86810
   1    -0.53890           1.12480        0.86850
   1    -0.53890           1.12480       -0.86850
   1     0.53890          -1.12480       -0.86850
   1     0.53890          -1.12480        0.86850
76.922    0.
 #124   PHENYL RADICAL
CNDO.OPEN
  11   0   2   
   6B    0.00000           0.00000        1.38610  
   6B    0.00000           1.22200        0.77070  
   6B    0.00000          -1.22200        0.77070  
   6B    0.00000           1.20920       -0.63010  
   6B    0.00000          -1.20920       -0.63010  
   6B    0.00000           0.00000       -1.31640  
   1     0.00000           2.15030        1.32510  
   1     0.00000          -2.15030        1.32510  
   1     0.00000           2.14240       -1.17920  
   1     0.00000          -2.14240       -1.17920  
   1     0.00000           0.00000       -2.39810  
51.7654   0.0
 #125    TRANS-BUTADIENE
CNDO.CLSD
  10   0   1
   6B    0.11530           0.73410        0.56370
   6B   -0.11530          -0.73410        0.56370  
   6B   -0.11530           1.54830       -0.50010  
   6B    0.11530          -1.54830       -0.50010  
   1     0.47920           1.17490        1.50330  
   1    -0.47920          -1.17490        1.50330  
   1     0.09290           2.62300       -0.44670  
   1    -0.52930           1.15710       -1.43810  
   1    -0.09290          -2.62300       -0.44670  
   1     0.52930          -1.15710       -1.43810  
41.6281   0.
 #126    CYCLOBUTENE
CNDO.CLSD
  10   0   1
   6B    0.00000           0.67100        0.81070  
   6B    0.00000          -0.67410        0.81070  
   6A    0.00000           0.78210       -0.70230  
   6A    0.00000          -0.78210       -0.70230  
   1     0.00000           1.41650        1.59620  
   1     0.00000          -1.41650        1.59620  
   1     0.89860           1.24250       -1.12330  
   1    -0.89860          -1.24250       -1.12330  
   1    -0.89860           1.24250       -1.12330  
   1     0.89860          -1.24250       -1.12330  
41.1171   0.132               
 #67    CARBON SUBOXIDE    
CNDO.CLSD
   5   0   1
   6C    0.00000           0.00000        0.03080
   6B    0.00000           1.25090        0.01230  
   6B    0.00000          -1.25090        0.01230  
   8B    0.00000           2.39640       -0.02070  
   8B    0.00000          -2.39640       -0.02070  
28.2043   0.
 #102    NITROUS OXIDE   
CNDO.CLSD
   3   0   1
   7B    0.00000           0.00000       -1.19980
   7B    0.00000           0.00000       -0.07160         
   8B    0.00000           0.00000        1.11260  
11.4297   0.161                                  
 #103    DINITROGEN TRIOXIDE   
CNDO.CLSD
   5   0   1
   7B   -0.70280          -1.09580        0.00000
   7B    0.00000           0.63070        0.00000          
   8A    0.20140          -1.79340        0.00000  
   8A    1.20190           0.64260        0.00000  
   8A   -0.78850           1.55770        0.00000  
 16.5041  2.122 
 #104    DINITROGEN TETROXIDE  
CNDO.CLSD
   6   0   1
   7A    0.0000            0.00000        0.00000
   7A   -1.78200           0.00000        0.00000         
   8A    0.45160           1.10100        0.00000  
   8A    0.45160          -1.10100        0.00000  
   8A   -2.23360           1.10100        0.00000  
   8A   -2.23360          -1.10100        0.00000  
 19.7750  2.122                  
 #127 NITROGEN DIOXIDE  
CNDO.OPEN
   3   0   2
   7A    0.00040           0.00000        0.00000  
   8A    0.00000           1.09890        0.46530  
   8A    0.00000          -1.09890        0.46530  
 9.615    0.316              
 #12 ISOCYANIC ACID  
CNDO.CLSD
   4   0   1
   1     1.37700          -1.33340        0.00000
   7B    0.41220          -1.09190        0.00000  
   6B    0.00000           0.05000        0.00000  
   8B   -0.53280           1.08460        0.00000  
18.2453   0.0
 #42   KETENE      
CNDO.CLSD
   5   0   1
   6B    0.00000           0.00000        0.00000
   6B    0.00000           0.00000        1.31500  
   8B    0.00000           0.00000        2.47500  
   1     0.00000           0.94510       -0.52060  
   1     0.00000          -0.94510       -0.52060  
22.2490   1.420
 #44   GLYOXAL      
CNDO.CLSD
   6   0   1
   6B    0.00000           0.76300        0.00000
   6B    0.00000          -0.76300        0.00000  
   1     1.04810           1.19070        0.00000  
   1    -1.04810          -1.19070        0.00000  
   8B   -1.03670           1.39080        0.00000  
   8B    1.03670          -1.39080        0.00000  
26.5025   0.0
 #94   NITROSAMIDE   
CNDO.CLSD
   5   0   1
   8A   -1.11800           0.22380        0.00620
   7B   -0.14840          -0.51080        0.00470  
   7B    1.02260           0.14860       -0.05500  
   1     0.99470           1.14630        0.11900  
   1     1.82990          -0.40050        0.18330  
15.8718   0.0
 #105     OZONE      
CNDO.CLSD  
   3   0   1               
   8A    0.00000           0.00000        0.00000
   8A    0.00000           1.08850        0.66970
   8A    0.00000          -1.08850        0.66970
 6.1657   0.530    
  NICOTINE  CALC TOTAL ENERGY BY RIJAH: -13581.43 eV
CNDO.CLSD
  26   0   1
   7A   -1.70230          -0.79620       -0.03390
   7B    2.29680          -0.70910        1.21710 
   6A   -0.88460           0.30950       -0.57130 
   6A   -1.49550           1.58240        0.04360 
   6A   -2.68570           1.09840        0.85960
   6A   -3.02810          -0.23820        0.23290 
   6B    0.58720           0.15440       -0.25130 
   6A   -1.76180          -1.95030       -0.92170
   6B    1.55690           0.70250       -1.07910
   6B    1.00080          -0.53570        0.87380
   6B    2.90090           0.54510       -0.75930
   6B    3.21560          -0.16270        0.38950
   1    -1.00840           0.36650       -1.66240
   1    -1.84540           2.24560       -0.75710
   1    -0.80180           2.15280        0.67090
   1    -2.38960           0.96500        1.90760
   1    -3.52200           1.80290        0.82930
   1    -3.60940          -0.86620        0.91510
   1    -3.60210          -0.08800       -0.69030
   1    -2.36430          -2.74600       -0.46980
   1    -0.76270          -2.36680       -1.08850
   1    -2.19750          -1.70360       -1.89650
   1     1.27980           1.25440       -1.97280
   1     0.30270          -0.97780        1.57700
   1     3.67750           0.96380       -1.38900
   1     4.24910          -0.31340        0.68330
  0.      0.                
 CAFFEINE   CALC TOTAL ENERGY BY RIJAH: -18518.8 eV
CNDO.CLSD
  24   0   1
   8A    0.47000           2.56880        0.00060
   8A   -3.12710          -0.44360       -0.00030 
   7B   -0.96860          -1.31250        0.00000 
   7A    2.21820           0.14120       -0.00030 
   7B   -1.34770           1.07970       -0.00010
   7B    1.41190          -1.93720        0.00020 
   6B    0.85790           0.25920       -0.00080 
   6B    0.38970          -1.02640       -0.00040
   6B    0.03070           1.42200       -0.00060
   6B   -1.90610          -0.24950       -0.00040
   6B    2.50320          -1.19980        0.00030
   6A   -1.42760          -2.69600        0.00080
   6A    3.19260           1.20610        0.00030
   6A   -2.29690           2.18810        0.00070
   1     3.51630          -1.57870        0.00080
   1    -1.04510          -3.19730       -0.89370
   1    -2.51860          -2.75960        0.00110
   1    -1.04470          -3.19630        0.89570
   1     4.19920           0.78010        0.00020
   1     3.04680           1.80920       -0.89920
   1     3.04660           1.80830        0.90040
   1    -1.80870           3.16510       -0.00030
   1    -2.93220           2.10270        0.88810
   1    -2.93460           2.10210       -0.88490
  0.      0.
FINI
 
 

 
 CORONENE, C24H12  9115 -OECHEM-0518261644D
CNDO.CLSD
  36   0   1
   6B    0.00000           1.42600        0.00000
   6B    1.23490           0.71300        0.00000
   6B    1.23490          -0.71300        0.00000
   6B    0.00000          -1.42600        0.00000
   6B   -1.23490          -0.71300        0.00000
   6B   -1.23490           0.71300        0.00000
   6B    0.00000           2.83660        0.00000
   6B    2.45640           1.41830        0.00000
   6B    2.45640          -1.41830        0.00000
   6B    0.00000          -2.83660        0.00000
   6B   -2.45640          -1.41830        0.00000
   6B   -2.45640           1.41830        0.00000
   6B    1.24620           3.52360        0.00000
   6B    2.42830           2.84120        0.00000
   6B    3.67450           0.68250        0.00000
   6B    3.67450          -0.68250        0.00000
   6B    2.42830          -2.84120        0.00000
   6B    1.24620          -3.52360        0.00000
   6B   -1.24620          -3.52360        0.00000
   6B   -2.42830          -2.84120        0.00000
   6B   -3.67450          -0.68250        0.00000
   6B   -3.67450           0.68250        0.00000
   6B   -2.42830           2.84120        0.00000
   6B   -1.24620           3.52360        0.00000
   1     1.24020           4.60650        0.00000
   1     3.36900           3.37750        0.00000
   1     4.60930           1.22900        0.00000
   1     4.60930          -1.22900        0.00000
   1     3.36900          -3.37750        0.00000
   1     1.24020          -4.60650        0.00000
   1    -1.24020          -4.60650        0.00000
   1    -3.36900          -3.37750        0.00000
   1    -4.60930          -1.22900        0.00000
   1    -4.60930           1.22900        0.00000
   1    -3.36900           3.37750        0.00000
   1    -1.24020           4.60650        0.00000
  0.      0.
FINI

